[Variables]
gov_default_mesh = 1
gov_last_probe_x = -0.23648627138550182
gov_last_probe_y = -1.518160176696
gov_last_probe_z = 380.107831227045
gov_last_probe_z_abs = 380.107831227045
gov_last_probe_z_rel = 0.047115
gov_mesh_profile_code = 1
gov_probe_last_ok = 1
gov_probe_ready = 1
plr_flag = False

